New File
dssfsdf



m 10.87 11.93 l 3.6 3.6 l 1.06 -1.06 l -14 -14 L 0.47 1.53 L 3.7 4.76 A 12 12 0 0 0 0.93 6.94 l -0.03 0.04 l -0.01 0.01 L 2 8 L 0.88 7 a 1.5 1.5 0 0 0 0 2 L 2 8 L 0.88 9 l 0.02 0.02 l 0.03 0.04 l 0.52 0.5 c 0.35 0.33 0.84 0.75 1.45 1.17 c 1.2 0.83 3 1.77 5.1 1.77 a 8 8 0 0 0 2.87 -0.57 M 9.7 10.75 Q 8.89 11 8 11 c -3.31 0 -6 -3 -6 -3 s 1.12 -1.25 2.8 -2.14 l 1.36 1.36 A 2 2 0 0 0 8 10 a 2 2 0 0 0 0.78 -0.16 Z m 4.86 -1.18 c -0.32 0.3 -0.78 0.69 -1.34 1.08 l -1.08 -1.08 C 13.28 8.8 14 8 14 8 l 1.12 1 l -0.02 0.02 l -0.03 0.04 Z M 14 8 l 1.12 -1 l -0.02 -0.02 l -0.03 -0.04 l -0.52 -0.5 a 13 13 0 0 0 -1.45 -1.17 c -1.2 -0.83 -3 -1.77 -5.1 -1.77 q -0.9 0.01 -1.73 0.2 l 1.3 1.32 L 8 5 c 3.31 0 6 3 6 3 m 0 0 l 1.12 -1 a 1.5 1.5 0 0 1 0 2 Z


m 14 8 l 1.12 1 a 1.5 1.5 0 0 0 0 -2 Z M 2 8 L 0.88 7 l 0.02 -0.02 l 0.03 -0.04 l 0.52 -0.5 c 0.35 -0.33 0.84 -0.75 1.45 -1.17 C 4.1 4.44 5.9 3.5 8 3.5 s 3.9 0.94 5.1 1.77 a 13 13 0 0 1 1.97 1.67 l 0.03 0.04 l 0.01 0.01 L 14 8 s -2.69 -3 -6 -3 s -6 3 -6 3 m 0 0 L 0.88 7 a 1.5 1.5 0 0 0 0 2 Z m 0 0 L 0.88 9 l 0.02 0.02 l 0.03 0.04 l 0.52 0.5 c 0.35 0.33 0.84 0.75 1.45 1.17 c 1.2 0.83 3 1.77 5.1 1.77 s 3.9 -0.94 5.1 -1.77 a 13 13 0 0 0 1.97 -1.67 l 0.03 -0.04 l 0.01 -0.01 L 14 8 s -2.69 3 -6 3 s -6 -3 -6 -3 m 6 2 a 2 2 0 1 0 0 -4 a 2 2 0 0 0 0 



          <svg id="wrong" viewBox="0 0 16 16" width="16" height="16" data-icon="CircleXSmall" data-icon-id=":r0:" aria-hidden="true" class="default-ltr-iqcdef-cache-2ui8wr ejbeop63" xmlns="http://www.w3.org/2000/svg" fill="none" role="img"><path fill="currentColor" fill-rule="evenodd" d="M14.5 8a6.5 6.5 0 1 1-13 0 6.5 6.5 0 0 1 13 0M16 8A8 8 0 1 1 0 8a8 8 0 0 1 16 0M4.47 5.53 6.94 8l-2.47 2.47 1.06 1.06L8 9.06l2.47 2.47 1.06-1.06L9.06 8l2.47-2.47-1.06-1.06L8 6.94 5.53 4.47z" clip-rule="evenodd"></path></svg>        